best_params:
  learning_rate: 0.7720296764063289
  max_delta_step: 20906.788445572492
  max_depth: 1
  min_child_weight: 2.6295833299734515
  n_estimators: 200
  reg_alpha: 0.29273872474498935
  reg_lambda: 6.301438723555968
  scale_pos_weight: 0.47219619394213225
  subsample: 0.6308071418881683
experiment_name: xgb_reg_da_w_action_no_day_norm_tune
