best_params:
  colsample_bytree: 0.7915532659653955
  gamma: 18.384127502351657
  learning_rate: 0.4288183381006204
  max_delta_step: 31.99110220039605
  max_depth: 6
  min_child_weight: 0.7145189379916569
  n_estimators: 100
  reg_alpha: 0.23308007890695084
  reg_lambda: 0.048811247413770076
  scale_pos_weight: 21015.287197392812
  subsample: 0.7808102206974598
experiment_name: xgb_reg_da_w_action_no_day_norm_tune
