best_params:
  gamma: 0
  learning_rate: 0.505
  max_depth: 3
  min_child_weight: 1
  n_estimators: 200
  reg_alpha: 0.16970119835273834
  reg_lambda: 3.063571800749579
  subsample: 0.6000000000000001
experiment_name: norm_elastic_net
