best_params:
  gamma: 0
  learning_rate: 0.505
  max_depth: 12
  min_child_weight: 3
  n_estimators: 250
  reg_alpha: 5.3890276112618904
  reg_lambda: 7.048808123125721
  subsample: 0.6000000000000001
experiment_name: xgb_regression_da_only_hyperopt_elastic_net
